# Made in Blockbench 5.0.4
mtllib TaloCoqueiro.mtl

o cube
v -0.48312467504771944 0.6018720957468876 -0.6643559784343183
v -0.48312467504772405 -0.5876568747387114 -0.10966950989964178
v -0.4829629131445304 0.6016169595633396 -0.6649031197456093
v -0.482962913144535 -0.5879120109222593 -0.11021665121093276
v -0.000161761903190166 -0.5329660472654042 0.007615348105261599
v -0.00016176190318557593 0.6565629232201948 -0.547071120429415
v -1.0928757898653885e-15 -0.5332211834489522 0.007068206793970605
v 3.497202527569243e-15 0.6563077870366468 -0.5476182617407059
vt 0 1
vt 0.25 1
vt 0.25 1
vt 0 1
vt 0 1
vt 0.5 1
vt 0.5 1
vt 0 1
vt 0 1
vt 0.25 1
vt 0.25 1
vt 0 1
vt 0 1
vt 0.5 1
vt 0.5 1
vt 0 1
vt 0.25 0
vt 0 0
vt 0 0.5
vt 0.25 0.5
vt 0.75 1
vt 0.5 1
vt 0.5 0.5
vt 0.75 0.5
vn -3.5110803153770583e-15 -0.9063077870366469 0.42261826174070616
vn -0.9659258262890679 -0.10938165494661439 -0.23456971600980675
vn 3.5110803153770583e-15 0.9063077870366469 -0.42261826174070616
vn 0.9659258262890679 0.10938165494661439 0.23456971600980675
vn -0.2588190451025225 0.4082178936767417 0.8754260980655892
vn 0.2588190451025225 -0.4082178936767417 -0.8754260980655892
usemtl m_c81cdacd-95a9-e74f-5097-98da78691959
f 4/4/1 7/3/1 5/2/1 2/1/1
f 3/8/2 4/7/2 2/6/2 1/5/2
f 8/12/3 3/11/3 1/10/3 6/9/3
f 7/16/4 8/15/4 6/14/4 5/13/4
f 6/20/5 1/19/5 2/18/5 5/17/5
f 7/24/6 4/23/6 3/22/6 8/21/6
o cube
v 0.00016176190318815497 0.6565629232202006 -0.5470711204294028
v 0.00016176190318935714 -0.532966047265406 0.0076153481052577965
v -9.159339953157541e-16 0.6563077870366526 -0.5476182617406937
v 2.8622937353617317e-16 -0.533221183448954 0.0070682067939668025
v 0.48312467504772366 -0.587656874738712 -0.10966950989964418
v 0.4831246750477225 0.6018720957468946 -0.6643559784343047
v 0.4829629131445346 -0.58791201092226 -0.11021665121093516
v 0.48296291314453343 0.6016169595633466 -0.6649031197455957
vt 0 1
vt 0.25 1
vt 0.25 1
vt 0 1
vt 0 1
vt 0.5 1
vt 0.5 1
vt 0 1
vt 0 1
vt 0.25 1
vt 0.25 1
vt 0 1
vt 0 1
vt 0.5 1
vt 0.5 1
vt 0 1
vt 0.25 0.5
vt 0 0.5
vt 0 1
vt 0.25 1
vt 0.5 1
vt 0.25 1
vt 0.25 0.5
vt 0.5 0.5
vn 9.020562075079399e-16 -0.9063077870366528 0.42261826174069367
vn -0.9659258262890689 0.10938165494661196 0.2345697160098039
vn -9.020562075079399e-16 0.9063077870366528 -0.42261826174069367
vn 0.9659258262890689 -0.10938165494661196 -0.2345697160098039
vn 0.258819045102519 0.4082178936767298 0.875426098065596
vn -0.258819045102519 -0.4082178936767298 -0.875426098065596
usemtl m_c81cdacd-95a9-e74f-5097-98da78691959
f 12/28/7 15/27/7 13/26/7 10/25/7
f 11/32/8 12/31/8 10/30/8 9/29/8
f 16/36/9 11/35/9 9/34/9 14/33/9
f 15/40/10 16/39/10 14/38/10 13/37/10
f 14/44/11 9/43/11 10/42/11 13/41/11
f 15/48/12 12/47/12 11/46/12 16/45/12
o cube
v 0.48312467504772355 -0.2363176273940561 1.0981713854002961
v 0.4831246750477231 -0.6190010597591473 0.17429185288900997
v 0.4829629131445345 -0.23687537683207638 1.09840241278193
v 0.48296291314453405 -0.6195588091971677 0.17452288027064394
v 0.00016176190318907253 -0.49944225056197966 0.12476897261836602
v 0.0001617619031894958 -0.11675881819688844 1.0486485051296524
v 0 -0.5 0.125
v 4.2327252813834093e-16 -0.11731656763490877 1.048879532511286
vt 0 1
vt 0.25 1
vt 0.25 1
vt 0 1
vt 0 1
vt 0.5 1
vt 0.5 1
vt 0 1
vt 0 1
vt 0.25 1
vt 0.25 1
vt 0 1
vt 0 1
vt 0.5 1
vt 0.5 1
vt 0 1
vt 0.25 0
vt 0 0
vt 0 0.5
vt 0.25 0.5
vt 0.75 1
vt 0.5 1
vt 0.5 0.5
vt 0.75 0.5
vn -4.163336342344337e-16 -0.38268343236509117 -0.9238795325112862
vn 0.9659258262890682 -0.2391176183943353 0.09904576054128793
vn 4.163336342344337e-16 0.38268343236509117 0.9238795325112862
vn -0.9659258262890682 0.2391176183943353 -0.09904576054128793
vn 0.25881904510252157 0.892399100832522 -0.36964381061438756
vn -0.25881904510252157 -0.892399100832522 0.36964381061438756
usemtl m_c81cdacd-95a9-e74f-5097-98da78691959
f 20/52/13 23/51/13 21/50/13 18/49/13
f 19/56/14 20/55/14 18/54/14 17/53/14
f 24/60/15 19/59/15 17/58/15 22/57/15
f 23/64/16 24/63/16 22/62/16 21/61/16
f 22/68/17 17/67/17 18/66/17 21/65/17
f 23/72/18 20/71/18 19/70/18 24/69/18
o cube
v -0.0001617619031894958 -0.11675881819688844 1.0486485051296524
v -0.00016176190318907253 -0.49944225056197966 0.12476897261836602
v -4.2327252813834093e-16 -0.11731656763490877 1.048879532511286
v 0 -0.5 0.125
v -0.4831246750477231 -0.6190010597591473 0.17429185288900997
v -0.48312467504772355 -0.2363176273940561 1.0981713854002961
v -0.48296291314453405 -0.6195588091971677 0.17452288027064394
v -0.4829629131445345 -0.23687537683207638 1.09840241278193
vt 0 1
vt 0.25 1
vt 0.25 1
vt 0 1
vt 0 1
vt 0.5 1
vt 0.5 1
vt 0 1
vt 0 1
vt 0.25 1
vt 0.25 1
vt 0 1
vt 0 1
vt 0.5 1
vt 0.5 1
vt 0 1
vt 0.25 0.5
vt 0 0.5
vt 0 1
vt 0.25 1
vt 0.5 1
vt 0.25 1
vt 0.25 0.5
vt 0.5 0.5
vn 4.163336342344337e-16 -0.38268343236509117 -0.9238795325112862
vn 0.9659258262890682 0.2391176183943353 -0.09904576054128793
vn -4.163336342344337e-16 0.38268343236509117 0.9238795325112862
vn -0.9659258262890682 -0.2391176183943353 0.09904576054128793
vn -0.25881904510252157 0.892399100832522 -0.36964381061438756
vn 0.25881904510252157 -0.892399100832522 0.36964381061438756
usemtl m_c81cdacd-95a9-e74f-5097-98da78691959
f 28/76/19 31/75/19 29/74/19 26/73/19
f 27/80/20 28/79/20 26/78/20 25/77/20
f 32/84/21 27/83/21 25/82/21 30/81/21
f 31/88/22 32/87/22 30/86/22 29/85/22
f 30/92/23 25/91/23 26/90/23 29/89/23
f 31/96/24 28/95/24 27/94/24 32/93/24
o cube
v -1.0981713854002972 -0.23631762739405732 0.48312467504772155
v -0.174291852889011 -0.6190010597591481 0.48312467504772266
v -1.0984024127819312 -0.2368753768320776 0.4829629131445325
v -0.174522880270645 -0.6195588091971684 0.4829629131445336
v -0.12476897261836602 -0.49944225056197966 0.000161761903189074
v -1.0486485051296524 -0.11675881819688888 0.00016176190318796378
v -0.125 -0.5 0
v -1.048879532511286 -0.11731656763490922 -1.1102230246251565e-15
vt 0 1
vt 0.25 1
vt 0.25 1
vt 0 1
vt 0 1
vt 0.5 1
vt 0.5 1
vt 0 1
vt 0 1
vt 0.25 1
vt 0.25 1
vt 0 1
vt 0 1
vt 0.5 1
vt 0.5 1
vt 0 1
vt 0.25 0
vt 0 0
vt 0 0.5
vt 0.25 0.5
vt 0.75 1
vt 0.5 1
vt 0.5 0.5
vt 0.75 0.5
vn 0.9238795325112863 -0.3826834323650907 1.0685896612017134e-15
vn -0.09904576054129009 -0.23911761839433693 0.9659258262890675
vn -0.9238795325112863 0.3826834323650907 -1.0685896612017134e-15
vn 0.09904576054129009 0.23911761839433693 -0.9659258262890675
vn 0.36964381061438656 0.8923991008325218 0.25881904510252385
vn -0.36964381061438656 -0.8923991008325218 -0.25881904510252385
usemtl m_c81cdacd-95a9-e74f-5097-98da78691959
f 36/100/25 39/99/25 37/98/25 34/97/25
f 35/104/26 36/103/26 34/102/26 33/101/26
f 40/108/27 35/107/27 33/106/27 38/105/27
f 39/112/28 40/111/28 38/110/28 37/109/28
f 38/116/29 33/115/29 34/114/29 37/113/29
f 39/120/30 36/119/30 35/118/30 40/117/30
o cube
v 0.0001617619031898004 -0.11675881819688533 -1.0486485051296512
v 0.0001617619031890718 -0.49944225056197966 -0.12476897261836602
v 7.28583859910259e-16 -0.11731656763490567 -1.0488795325112852
v 0 -0.5 -0.125
v 0.4831246750477234 -0.6190010597591467 -0.17429185288901
v 0.4831246750477241 -0.23631762739405232 -1.0981713854002952
v 0.4829629131445343 -0.619558809197167 -0.174522880270644
v 0.48296291314453504 -0.23687537683207266 -1.0984024127819292
vt 0 1
vt 0.25 1
vt 0.25 1
vt 0 1
vt 0 1
vt 0.5 1
vt 0.5 1
vt 0 1
vt 0 1
vt 0.25 1
vt 0.25 1
vt 0 1
vt 0 1
vt 0.5 1
vt 0.5 1
vt 0 1
vt 0.25 0.5
vt 0 0.5
vt 0 1
vt 0.25 1
vt 0.5 1
vt 0.25 1
vt 0.25 0.5
vt 0.5 0.5
vn -7.35522753814166e-16 -0.38268343236509433 0.923879532511285
vn -0.9659258262890685 0.23911761839433401 0.09904576054128798
vn 7.35522753814166e-16 0.38268343236509433 -0.923879532511285
vn 0.9659258262890685 -0.23911761839433401 -0.09904576054128798
vn 0.25881904510252035 0.8923991008325212 0.36964381061439067
vn -0.25881904510252035 -0.8923991008325212 -0.36964381061439067
usemtl m_c81cdacd-95a9-e74f-5097-98da78691959
f 44/124/31 47/123/31 45/122/31 42/121/31
f 43/128/32 44/127/32 42/126/32 41/125/32
f 48/132/33 43/131/33 41/130/33 46/129/33
f 47/136/34 48/135/34 46/134/34 45/133/34
f 46/140/35 41/139/35 42/138/35 45/137/35
f 47/144/36 44/143/36 43/142/36 48/141/36
o cube
v 0.6643559784343318 0.6018720957468848 -0.48312467504770884
v 0.10966950989964543 -0.5876568747387093 -0.48312467504772544
v 0.6649031197456228 0.6016169595633368 -0.4829629131445198
v 0.1102166512109364 -0.5879120109222573 -0.4829629131445364
v -0.007615348105263903 -0.532966047265403 -0.0001617619031930345
v 0.5470711204294225 0.6565629232201912 -0.0001617619031764228
v -0.0070682067939729365 -0.533221183448951 -3.95516952522712e-15
v 0.5476182617407135 0.6563077870366432 1.2656542480726785e-14
vt 0 1
vt 0.25 1
vt 0.25 1
vt 0 1
vt 0 1
vt 0.5 1
vt 0.5 1
vt 0 1
vt 0 1
vt 0.25 1
vt 0.25 1
vt 0 1
vt 0 1
vt 0.5 1
vt 0.5 1
vt 0 1
vt 0.25 0
vt 0 0
vt 0 0.5
vt 0.25 0.5
vt 0.75 1
vt 0.5 1
vt 0.5 0.5
vt 0.75 0.5
vn -0.4226182617407136 -0.9063077870366433 -1.2670420268534602e-14
vn 0.23456971600981855 -0.10938165494661253 -0.9659258262890651
vn 0.4226182617407136 0.9063077870366433 1.2670420268534602e-14
vn -0.23456971600981855 0.10938165494661253 0.9659258262890651
vn -0.8754260980655825 0.40821789367675004 -0.2588190451025327
vn 0.8754260980655825 -0.40821789367675004 0.2588190451025327
usemtl m_c81cdacd-95a9-e74f-5097-98da78691959
f 52/148/37 55/147/37 53/146/37 50/145/37
f 51/152/38 52/151/38 50/150/38 49/149/38
f 56/156/39 51/155/39 49/154/39 54/153/39
f 55/160/40 56/159/40 54/158/40 53/157/40
f 54/164/41 49/163/41 50/162/41 53/161/41
f 55/168/42 52/167/42 51/166/42 56/165/42
o cube
v 0.5470711204294092 0.6565629232201977 0.00016176190318485033
v -0.007615348105259767 -0.5329660472654051 0.00016176190319038756
v 0.5476182617407002 0.6563077870366497 -4.218847493575595e-15
v -0.007068206793968773 -0.5332211834489531 1.3183898417423734e-15
v 0.10966950989964132 -0.5876568747387099 0.48312467504772516
v 0.6643559784343102 0.6018720957468929 0.4831246750477196
v 0.1102166512109323 -0.5879120109222578 0.4829629131445361
v 0.6649031197456012 0.6016169595633449 0.48296291314453055
vt 0 1
vt 0.25 1
vt 0.25 1
vt 0 1
vt 0 1
vt 0.5 1
vt 0.5 1
vt 0 1
vt 0 1
vt 0.25 1
vt 0.25 1
vt 0 1
vt 0 1
vt 0.5 1
vt 0.5 1
vt 0 1
vt 0.25 0.5
vt 0 0.5
vt 0 1
vt 0.25 1
vt 0.5 1
vt 0.25 1
vt 0.25 0.5
vt 0.5 0.5
vn -0.42261826174070005 -0.9063077870366498 4.246603069191224e-15
vn -0.234569716009802 0.10938165494660956 -0.9659258262890695
vn 0.42261826174070005 0.9063077870366498 -4.246603069191224e-15
vn 0.234569716009802 -0.10938165494660956 0.9659258262890695
vn -0.8754260980655935 0.408217893676737 0.25881904510251635
vn 0.8754260980655935 -0.408217893676737 -0.25881904510251635
usemtl m_c81cdacd-95a9-e74f-5097-98da78691959
f 60/172/43 63/171/43 61/170/43 58/169/43
f 59/176/44 60/175/44 58/174/44 57/173/44
f 64/180/45 59/179/45 57/178/45 62/177/45
f 63/184/46 64/183/46 62/182/46 61/181/46
f 62/188/47 57/187/47 58/186/47 61/185/47
f 63/192/48 60/191/48 59/190/48 64/189/48
o cube
v 0.4831246750477116 0.6018720957468847 0.6643559784343301
v 0.4831246750477254 -0.5876568747387096 0.10966950989964312
v 0.48296291314452255 0.6016169595633367 0.6649031197456211
v 0.4829629131445363 -0.5879120109222575 0.1102166512109341
v 0.00016176190319236008 -0.5329660472654031 -0.007615348105264069
v 0.00016176190317857163 0.6565629232201913 0.547071120429423
v 3.2829641782861074e-15 -0.5332211834489511 -0.007068206793973103
v -1.0505485370515544e-14 0.6563077870366433 0.5476182617407139
vt 0 1
vt 0.25 1
vt 0.25 1
vt 0 1
vt 0 1
vt 0.5 1
vt 0.5 1
vt 0 1
vt 0 1
vt 0.25 1
vt 0.25 1
vt 0 1
vt 0 1
vt 0.5 1
vt 0.5 1
vt 0 1
vt 0.25 0
vt 0 0
vt 0 0.5
vt 0.25 0.5
vt 0.75 1
vt 0.5 1
vt 0.5 0.5
vt 0.75 0.5
vn 1.0436096431476471e-14 -0.9063077870366434 -0.4226182617407139
vn 0.9659258262890662 -0.109381654946613 0.23456971600981444
vn -1.0436096431476471e-14 0.9063077870366434 0.4226182617407139
vn -0.9659258262890662 0.109381654946613 -0.23456971600981444
vn 0.25881904510252896 0.4082178936767504 -0.8754260980655835
vn -0.25881904510252896 -0.4082178936767504 0.8754260980655835
usemtl m_c81cdacd-95a9-e74f-5097-98da78691959
f 68/196/49 71/195/49 69/194/49 66/193/49
f 67/200/50 68/199/50 66/198/50 65/197/50
f 72/204/51 67/203/51 65/202/51 70/201/51
f 71/208/52 72/207/52 70/206/52 69/205/52
f 70/212/53 65/211/53 66/210/53 69/209/53
f 71/216/54 68/215/54 67/214/54 72/213/54
o cube
v -0.00016176190318771707 0.6565629232202023 0.5470711204293993
v -0.0001617619031895021 -0.5329660472654065 -0.007615348105256714
v 1.3600232051658168e-15 0.6563077870366543 0.5476182617406903
v -4.2500725161431774e-16 -0.5332211834489544 -0.00706820679396572
v -0.48312467504772255 -0.587656874738714 0.10966950989965003
v -0.4831246750477207 0.6018720957468948 0.664355978434306
v -0.4829629131445335 -0.587912010922262 0.11021665121094101
v -0.48296291314453166 0.6016169595633468 0.664903119745597
vt 0 1
vt 0.25 1
vt 0.25 1
vt 0 1
vt 0 1
vt 0.5 1
vt 0.5 1
vt 0 1
vt 0 1
vt 0.25 1
vt 0.25 1
vt 0 1
vt 0 1
vt 0.5 1
vt 0.5 1
vt 0 1
vt 0.25 0.5
vt 0 0.5
vt 0 1
vt 0.25 1
vt 0.5 1
vt 0.25 1
vt 0.25 0.5
vt 0.5 0.5
vn -1.3600232051658172e-15 -0.9063077870366544 -0.4226182617406903
vn 0.9659258262890662 0.10938165494661489 -0.23456971600981355
vn 1.3600232051658172e-15 0.9063077870366544 0.4226182617406903
vn -0.9659258262890662 -0.10938165494661489 0.23456971600981355
vn -0.25881904510252884 0.4082178936767254 -0.8754260980655951
vn 0.25881904510252884 -0.4082178936767254 0.8754260980655951
usemtl m_c81cdacd-95a9-e74f-5097-98da78691959
f 76/220/55 79/219/55 77/218/55 74/217/55
f 75/224/56 76/223/56 74/222/56 73/221/56
f 80/228/57 75/227/57 73/226/57 78/225/57
f 79/232/58 80/231/58 78/230/58 77/229/58
f 78/236/59 73/235/59 74/234/59 77/233/59
f 79/240/60 76/239/60 75/238/60 80/237/60
o cube
v -0.6643559784343241 0.6018720957468904 0.4831246750477092
v -0.10966950989965356 -0.5876568747387122 0.48312467504772433
v -0.6649031197456152 0.6016169595633424 0.4829629131445201
v -0.11021665121094454 -0.5879120109222602 0.48296291314453527
v 0.007615348105260156 -0.532966047265405 0.0001617619031926929
v -0.5470711204294105 0.6565629232201976 0.00016176190317753836
v 0.0070682067939691895 -0.533221183448953 3.608224830031759e-15
v -0.5476182617407015 0.6563077870366496 -1.1546319456101628e-14
vt 0 1
vt 0.25 1
vt 0.25 1
vt 0 1
vt 0 1
vt 0.5 1
vt 0.5 1
vt 0 1
vt 0 1
vt 0.25 1
vt 0.25 1
vt 0 1
vt 0 1
vt 0.5 1
vt 0.5 1
vt 0 1
vt 0.25 0
vt 0 0
vt 0 0.5
vt 0.25 0.5
vt 0.75 1
vt 0.5 1
vt 0.5 0.5
vt 0.75 0.5
vn 0.42261826174070094 -0.9063077870366494 1.1060596882828114e-14
vn -0.23456971600982732 -0.10938165494661391 0.9659258262890631
vn -0.42261826174070094 0.9063077870366494 -1.1060596882828114e-14
vn 0.23456971600982732 0.10938165494661391 -0.9659258262890631
vn 0.8754260980655861 0.40821789367673694 0.25881904510254117
vn -0.8754260980655861 -0.40821789367673694 -0.25881904510254117
usemtl m_c81cdacd-95a9-e74f-5097-98da78691959
f 84/244/61 87/243/61 85/242/61 82/241/61
f 83/248/62 84/247/62 82/246/62 81/245/62
f 88/252/63 83/251/63 81/250/63 86/249/63
f 87/256/64 88/255/64 86/254/64 85/253/64
f 86/260/65 81/259/65 82/258/65 85/257/65
f 87/264/66 84/263/66 83/262/66 88/261/66
o cube
v -0.5470711204293994 0.6565629232202023 -0.0001617619031885211
v 0.0076153481052567695 -0.5329660472654065 -0.0001617619031892497
v -0.5476182617406904 0.6563077870366543 5.551115123125783e-16
v 0.0070682067939657756 -0.5332211834489544 -1.734723475976807e-16
v -0.1096695098996492 -0.5876568747387141 -0.48312467504772255
v -0.6643559784343054 0.6018720957468947 -0.48312467504772183
v -0.11021665121094018 -0.587912010922262 -0.4829629131445335
v -0.6649031197455963 0.6016169595633467 -0.48296291314453277
vt 0 1
vt 0.25 1
vt 0.25 1
vt 0 1
vt 0 1
vt 0.5 1
vt 0.5 1
vt 0 1
vt 0 1
vt 0.25 1
vt 0.25 1
vt 0 1
vt 0 1
vt 0.5 1
vt 0.5 1
vt 0 1
vt 0.25 0.5
vt 0 0.5
vt 0 1
vt 0.25 1
vt 0.5 1
vt 0.25 1
vt 0.25 0.5
vt 0.5 0.5
vn 0.4226182617406904 -0.9063077870366543 -5.689893001203927e-16
vn 0.23456971600981188 0.10938165494661503 0.9659258262890666
vn -0.4226182617406904 0.9063077870366543 5.689893001203927e-16
vn -0.23456971600981188 -0.10938165494661503 -0.9659258262890666
vn 0.8754260980655956 0.40821789367672556 -0.2588190451025275
vn -0.8754260980655956 -0.40821789367672556 0.2588190451025275
usemtl m_c81cdacd-95a9-e74f-5097-98da78691959
f 92/268/67 95/267/67 93/266/67 90/265/67
f 91/272/68 92/271/68 90/270/68 89/269/68
f 96/276/69 91/275/69 89/274/69 94/273/69
f 95/280/70 96/279/70 94/278/70 93/277/70
f 94/284/71 89/283/71 90/282/71 93/281/71
f 95/288/72 92/287/72 91/286/72 96/285/72
o cube
v -0.4831246750477202 -0.23631762739406165 -1.098171385400299
v -0.48312467504772283 -0.6190010597591475 -0.17429185288901083
v -0.48296291314453116 -0.23687537683208193 -1.0984024127819327
v -0.48296291314453377 -0.6195588091971678 -0.1745228802706448
v -0.00016176190318907313 -0.49944225056197966 -0.12476897261836602
v -0.00016176190318648492 -0.11675881819689382 -1.0486485051296541
v 0 -0.5 -0.125
v 2.588207426157396e-15 -0.11731656763491416 -1.048879532511288
vt 0 1
vt 0.25 1
vt 0.25 1
vt 0 1
vt 0 1
vt 0.5 1
vt 0.5 1
vt 0 1
vt 0 1
vt 0.25 1
vt 0.25 1
vt 0 1
vt 0 1
vt 0.5 1
vt 0.5 1
vt 0 1
vt 0.25 0
vt 0 0
vt 0 0.5
vt 0.25 0.5
vt 0.75 1
vt 0.5 1
vt 0.5 0.5
vt 0.75 0.5
vn -2.595146320061304e-15 -0.3826834323650859 0.9238795325112883
vn -0.9659258262890678 -0.2391176183943356 -0.0990457605412896
vn 2.595146320061304e-15 0.3826834323650859 -0.9238795325112883
vn 0.9659258262890678 0.2391176183943356 0.0990457605412896
vn -0.2588190451025226 0.8923991008325242 0.3696438106143816
vn 0.2588190451025226 -0.8923991008325242 -0.3696438106143816
usemtl m_c81cdacd-95a9-e74f-5097-98da78691959
f 100/292/73 103/291/73 101/290/73 98/289/73
f 99/296/74 100/295/74 98/294/74 97/293/74
f 104/300/75 99/299/75 97/298/75 102/297/75
f 103/304/76 104/303/76 102/302/76 101/301/76
f 102/308/77 97/307/77 98/306/77 101/305/77
f 103/312/78 100/311/78 99/310/78 104/309/78
o cube
v 1.0486485051296515 -0.11675881819688566 0.00016176190318940498
v 0.12476897261836602 -0.49944225056197966 0.0001617619031890719
v 1.0488795325112854 -0.117316567634906 3.3306690738754696e-16
v 0.125 -0.5 0
v 0.17429185288901022 -0.6190010597591468 0.4831246750477234
v 1.0981713854002957 -0.23631762739405276 0.4831246750477237
v 0.17452288027064422 -0.6195588091971671 0.4829629131445343
v 1.0984024127819296 -0.23687537683207305 0.48296291314453466
vt 0 1
vt 0.25 1
vt 0.25 1
vt 0 1
vt 0 1
vt 0.5 1
vt 0.5 1
vt 0 1
vt 0 1
vt 0.25 1
vt 0.25 1
vt 0 1
vt 0 1
vt 0.5 1
vt 0.5 1
vt 0 1
vt 0.25 0.5
vt 0 0.5
vt 0 1
vt 0.25 1
vt 0.5 1
vt 0.25 1
vt 0.25 0.5
vt 0.5 0.5
vn -0.9238795325112851 -0.38268343236509406 -3.053113317719179e-16
vn -0.09904576054128832 0.239117618394334 -0.9659258262890684
vn 0.9238795325112851 0.38268343236509406 3.053113317719179e-16
vn 0.09904576054128832 -0.239117618394334 0.9659258262890684
vn -0.3696438106143901 0.8923991008325213 0.2588190451025207
vn 0.3696438106143901 -0.8923991008325213 -0.2588190451025207
usemtl m_c81cdacd-95a9-e74f-5097-98da78691959
f 108/316/79 111/315/79 109/314/79 106/313/79
f 107/320/80 108/319/80 106/318/80 105/317/80
f 112/324/81 107/323/81 105/322/81 110/321/81
f 111/328/82 112/327/82 110/326/82 109/325/82
f 110/332/83 105/331/83 106/330/83 109/329/83
f 111/336/84 108/335/84 107/334/84 112/333/84
o cube
v 1.0981713854002981 -0.23631762739405948 -0.4831246750477212
v 0.17429185288901072 -0.6190010597591475 -0.4831246750477229
v 1.098402412781932 -0.23687537683207976 -0.48296291314453216
v 0.17452288027064472 -0.6195588091971679 -0.4829629131445338
v 0.12476897261836602 -0.49944225056197966 -0.00016176190318907308
v 1.0486485051296532 -0.11675881819689155 -0.00016176190318740774
v 0.125 -0.5 0
v 1.0488795325112874 -0.11731656763491188 1.6653345369377348e-15
vt 0 1
vt 0.25 1
vt 0.25 1
vt 0 1
vt 0 1
vt 0.5 1
vt 0.5 1
vt 0 1
vt 0 1
vt 0.25 1
vt 0.25 1
vt 0 1
vt 0 1
vt 0.5 1
vt 0.5 1
vt 0 1
vt 0.25 0
vt 0 0
vt 0 0.5
vt 0.25 0.5
vt 0.75 1
vt 0.5 1
vt 0.5 0.5
vt 0.75 0.5
vn -0.9238795325112874 -0.38268343236508817 -1.7069679003611786e-15
vn 0.09904576054128934 -0.23911761839433568 -0.9659258262890679
vn 0.9238795325112874 0.38268343236508817 1.7069679003611786e-15
vn -0.09904576054128934 0.23911761839433568 0.9659258262890679
vn -0.36964381061438406 0.8923991008325233 -0.2588190451025227
vn 0.36964381061438406 -0.8923991008325233 0.2588190451025227
usemtl m_c81cdacd-95a9-e74f-5097-98da78691959
f 116/340/85 119/339/85 117/338/85 114/337/85
f 115/344/86 116/343/86 114/342/86 113/341/86
f 120/348/87 115/347/87 113/346/87 118/345/87
f 119/352/88 120/351/88 118/350/88 117/349/88
f 118/356/89 113/355/89 114/354/89 117/353/89
f 119/360/90 116/359/90 115/358/90 120/357/90
o cube
v -1.0486485051296524 -0.11675881819688888 -0.00016176190318907142
v -0.12476897261836602 -0.49944225056197966 -0.00016176190318907142
v -1.0488795325112863 -0.11731656763490922 0
v -0.125 -0.5 0
v -0.17429185288900972 -0.6190010597591464 -0.4831246750477233
v -1.098171385400296 -0.2363176273940557 -0.4831246750477233
v -0.17452288027064372 -0.6195588091971668 -0.4829629131445342
v -1.09840241278193 -0.236875376832076 -0.4829629131445342
vt 0 1
vt 0.25 1
vt 0.25 1
vt 0 1
vt 0 1
vt 0.5 1
vt 0.5 1
vt 0 1
vt 0 1
vt 0.25 1
vt 0.25 1
vt 0 1
vt 0 1
vt 0.5 1
vt 0.5 1
vt 0 1
vt 0.25 0.5
vt 0 0.5
vt 0 1
vt 0.25 1
vt 0.5 1
vt 0.25 1
vt 0.25 0.5
vt 0.5 0.5
vn 0.9238795325112863 -0.3826834323650908 8.326672684688674e-17
vn 0.09904576054128751 0.23911761839433351 0.9659258262890685
vn -0.9238795325112863 0.3826834323650908 -8.326672684688674e-17
vn -0.09904576054128751 -0.23911761839433351 -0.9659258262890685
vn 0.3696438106143872 0.8923991008325227 -0.25881904510251985
vn -0.3696438106143872 -0.8923991008325227 0.25881904510251985
usemtl m_c81cdacd-95a9-e74f-5097-98da78691959
f 124/364/91 127/363/91 125/362/91 122/361/91
f 123/368/92 124/367/92 122/366/92 121/365/92
f 128/372/93 123/371/93 121/370/93 126/369/93
f 127/376/94 128/375/94 126/374/94 125/373/94
f 126/380/95 121/379/95 122/378/95 125/377/95
f 127/384/96 124/383/96 123/382/96 128/381/96